10
4
4

1 6 5 4
1 7 10 6
1 8 10 5
2 3 10 2
2 4 20 2
2 5 30 1.2
2 6 40 1
2 8 5 3.2
2 9 15 1.4
3 7 6 15
3 8 2 30
4 7 4 18
4 8 3 22
5 8 5 6
5 9 7 8
6 8 2 10
6 9 6 19
7 10 1 35
8 10 1 40
9 10 1 28


12 10 3 19 1 29 29 8 22 28
12 13 26 13 10 4 9 32 22 9
37 6 12 30 34 20 6 36 39 29
26 31 22 21 17 30 25 15 38 1
37 7 13 16 26 24 38 4 16 36
14 22 27 38 13 35 11 17 36 20
37 39 25 37 15 3 17 12 12 28
19 18 37 6 8 4 31 33 16 30
3 21 25 27 38 20 7 10 5 17
9 19 12 19 1 30 8 35 8 21
31 30 24 37 31 9 24 36 25 4
39 31 22 1 33 8 5 8 4 28
9 15 34 6 26 9 14 28 28 13
5 5 15 10 31 10 38 14 22 22
1 22 39 32 22 36 26 8 27 29
37 3 7 23 6 22 30 17 18 39
